21214
16406
40635
37209
42296
1516
18653
40192
25387
4064
35596
19015
29599
3391
23248
41909
38394
32177
3270
46886
21980
48358
28324
27588
29354
16890
33662
24040
8213
14077
14544
4347
1771
26961
10560
1457
22299
25319
27946
34187
13257
23882
24237
11901
30850
23923
42604
16729
1550
19451
21720
12718
29647
25596
27745
22122
7553
22304
15531
8339
31856
9261
22705
6596
42593
46654
8888
20159
1612
37901
24209
30427
7244
48430
47084
25054
10437
48859
37305
24826
13074
41100
45136
11135
13534
19399
31708
33189
25492
39093
45113
30273
1012
11751
37038
14752
47168
40169
27627
39199
17036
45127
5332
3817
43547
45760
24363
22153
42486
12272
8180
25002
7672
42069
20563
6729
34485
26247
6580
43985
38067
19127
26598
28145
22555
23850
1841
8804
30685
2966
5706
16550
36260
29653
26454
25048
48369
22611
15138
30798
37640
24027
5285
3736
2878
2626
45921
29662
23941
38314
21532
23345
36787
27800
48925
40554
41876
8284
44302
37207
1237
13005
16087
24817
46739
32626
46848
22081
10552
29072
31222
29116
40042
8918
384
29773
1843
43934
10837
24708
38318
28922
27451
22398
15687
7497
7223
44104
16934
34518
26617
26490
9875
29708
34850
13908
35982
30505
43593
23195
48809
11708
41009
33881
17674
26512
37585
3837
10773
1786
30671
13512
23535
28517
49675
15512
17958
22343
44441
287
32237
6189
41429
3260
5934
6625
42735
27646
3659
3961
15496
43121
26659
29949
15851
48098
47979
37246
23646
2020
25026
6543
5823
1705
39067
40082
4805
14828
45475
512
37110
13915
49775
26880
45629
49374
26159
32729
4134
44749
42500
46665
35892
23504
6025
29831
29767
35736
20201
25673
29685
13146
37079
2316
16106
34826
13014
24406
6124
11019
253
24260
6394
19724
37853
41105
25511
43814
8620
41685
21489
30349
22230
11755
8561
13278
14266
13690
19517
43321
29692
19608
35998
20626
20014
5259
6813
4364
40274
46041
49365
18479
9355
6130
8404
47884
35495
18110
30656
24784
113
29006
6668
23538
35056
17941
41464
49177
8818
25150
22499
8382
3601
15091
37480
30855
6767
6211
42565
41297
40685
24321
21349
43340
24730
27122
40096
37534
25963
8025
48520
399
8861
30660
46743
30267
27047
5704
21875
15520
46568
11616
37322
32612
45166
45084
3245
22384
22493
38046
45884
23431
46887
34424
22628
47136
18534
44360
14686
41294
14954
2036
8517
10121
31413
961
19545
38985
6098
49739
4970
26425
1049
9418
2087
27348
44036
11969
15157
39306
40061
6935
27438
33122
12334
1943
21315
30706
30316
34687
34761
25493
47915
31118
8891
47212
31179
16332
31959
18954
43729
6980
18030
7773
28693
25681
35818
11324
30966
41814
29509
45912
45319
9402
36181
32082
25330
4710
44249
1354
47966
28289
46338
23726
2565
47188
36946
31521
23142
42143
40704
49719
19627
1484
29186
9654
9650
13136
48719
33478
26069
41673
45858
17332
10907
1808
38244
3239
29478
37154
12193
26584
6103
27814
3968
18369
27805
1610
16916
14162
23837
46221
13198
3216
20310
15855
49230
23644
28875
20501
42946
20190
23645
40618
30119
36781
18264
34058
41271
21886
7790
46384
37080
16568
42891
23043
42136
29506
4010
13465
13654
40742
26727
1209
44444
12943
39627
15451
12120
30281
46137
36220
7275
33773
17105
34521
7935
45516
25204
865
30969
27540
49669
47174
25313
13685
3698
27747
5362
7224
24750
45648
43582
13490
31727
6822
43378
17886
1730
32392
42080
11017
4398
875
6634
39258
32641
44068
11606
47980
36191
49252
16670
31579
32027
15384
17264
7238
41065
9221
35014
5316
31577
36111
12098
34139
7379
29514
9484
28993
26935
2429
21686
36473
8597
21272
2207
18337
20576
42562
730
15932
36601
43803
47984
19293
10291
45826
32742
49002
46969
33073
35897
40953
34565
49883
40732
44921
20418
8688
43241
32093
42229
17373
46132
38850
35284
45535
49963
18828
22361
29797
27386
21577
43735
27370
28411
36948
26789
19548
20666
3662
42678
4448
24320
34918
15901
42256
14773
45820
44407
32381
16010
45121
2887
17026
23001
45179
22446
48382
19253
8320
39008
4455
18044
32859
4511
7836
13888
39928
44248
11873
34173
33402
15097
45384
46301
42315
42106
25478
32595
16796
49634
31871
31644
25961
6775
13450
32793
49954
33779
48395
3200
21852
43583
19619
32345
38990
15629
31165
11719
22647
45511
40370
24272
48082
38614
6080
28174
20508
32945
48228
43980
43952
49377
24165
9245
16241
6275
29603
33659
11474
3651
2671
21157
451
35092
49776
34526
15822
33625
39749
14233
6058
15145
12059
34483
49829
13214
17528
25956
15400
21100
24916
13286
25376
9435
49224
1031
2350
538
2943
26217
39290
19662
15351
39896
22063
10753
1488
41286
15814
2280
43002
9071
24298
17422
22561
14968
3572
43676
19222
30799
16494
5723
24273
16460
13926
33600
49791
4295
1036
16238
977
22504
11954
26839
39360
1263
44645
28936
25932
23374
8745
46188
34052
6739
35228
27548
44981
49537
39931
6651
25683
23929
32676
43223
38824
23003
46413
24908
9689
20700
7311
6264
2400
18084
11424
19961
15930
34080
47719
10701
22220
2342
23634
5699
40322
46593
194
10709
45340
8452
40623
38698
27159
6774
19407
38640
39345
19761
32280
48152
728
4568
43867
41647
4947
17094
10886
38869
37757
31382
26476
25089
31153
39687
20428
18779
30123
13396
34342
42819
25603
19224
6022
16966
45110
13076
21983
49690
45497
7097
38337
10402
3326
43988
8455
2784
34549
33785
24329
26121
9173
23102
22694
11176
44851
37341
39445
37473
8558
6838
10580
45927
42218
11232
28111
6972
25726
49271
13218
36504
40149
47903
38332
23514
27149
40811
32949
20997
48483
21661
26327
38470
5762
24124
22266
17440
10315
43632
27324
32175
7448
8998
24816
26103
41285
44694
602
5238
15150
34595
26037
35004
22489
5719
15064
47763
33593
10069
16271
15849
26081
21045
8395
22916
20135
26011
29547
35038
24293
14969
29588
14588
41760
12148
762
26970
21290
22090
32826
21935
29101
36769
34248
35503
18982
31086
15031
11165
38023
17656
47304
14915
21068
12978
1417
20306
2085
11915
3184
48759
9271
31245
29130
20204
13419
24902
19977
15036
29513
20151
22915
40779
25218
7382
16302
44176
49740
25534
42795
25102
3179
37570
43365
34243
23266
22783
26042
20167
24838
7031
15141
613
12461
28912
21468
37327
13615
6631
6824
3335
2599
31877
19783
18175
29361
43770
19947
6946
35292
41715
13093
35287
20028
7460
14874
40390
24205
5819
36142
35513
11665
19546
28572
10890
48801
39024
16294
34420
42852
27956
749
9101
10764
27255
15258
41492
19273
47859
41397
31450
1077
25385
41056
40276
20173
5746
26810
3430
4889
8506
6245
22929
16610
42686
9893
5027
11469
25518
47582
41611
43025
11466
6010
41674
40692
225
41272
42739
6713
45696
26545
1729
24771
48223
35804
1959
28892
34222
1836
32137
45246
15454
15015
14658
8753
49796
37876
2996
5727
26711
10810
25502
29800
45796
22895
24367
17863
23294
20992
18434
5595
31204
8340
26098
36860
11964
35467
16296
14242
23247
12758
37493
40738
14635
6566
6572
27340
28859
46181
44262
11432
41918
46975
23236
43971
32360
24722
27205
3437
34426
43010
21375
32747
49038
30602
11867
48699
39236
32679
45100
38542
22882
36682
933
46262
40794
22419
29480
7962
7002
1159
3844
4978
26119
27960
35967
1374
43467
25364
40879
39402
49307
1000
7643
40387
33019
49153
2713
44069
3017
18277
1831
6072
1813
6821
14568
43219
38504
16220
20976
45655
39273
9012
18554
48180
5716
14014
7090
21384
43289
22134
10071
14938
40828
14734
1143
34512
28776
31213
45836
12030
38771
5596
44897
31852
18217
27084
26624
47043
48060
46357
30397
46616
3725
2458
24780
49851
30792
16790
35319
43045
49506
21328
25480
757
20216
30452
17850
11147
30695
10864
20918
283
4163
83
31540
22869
35713
7411
33193
2346
22001
11674
23427
23250
4684
24614
10111
43864
15167
30375
35139
35859
48059
21484
15939
47005
24064
40365
41568
4490
35671
31969
35080
28610
26674
3285
7976
32820
18675
18032
26571
13759
42350
28010
37200
24788
34463
30771
3382
30644
26885
28402
36501
44383
9303
16028
27973
25306
3752
41084
3448
49804
14248
44898
12878
35332
32941
28028
49560
22441
49159
3225
5462
5538
14501
15252
29560
40514
7403
36563
20079
14093
5361
37651
10091
22258
10273
17347
9212
48239
38482
13812
29360
28542
38609
30320
25250
2371
49183
33446
5218
2192
32894
32594
14151
45913
32403
8274
34166
23597
30170
29071
8923
37226
30679
46468
29755
26724
41260
7249
26444
1142
12663
14713
8324
34308
21749
19606
47293
45866
38524
17525
25882
39659
9954
3511
35277
33247
12102
1046
4462
9072
46863
15806
37280
23745
25931
21776
17134
31003
48792
17426
26835
8084
3839
28475
8063
4973
12682
814
15675
32083
27543
23372
38641
18059
4446
34377
10712
15234
2164
38886
3533
40220
633
27361
18977
27141
21780
24222
39471
37173
541
24348
28736
28779
30279
23982
23694
3500
35256
18202
31224
31882
32574
29508
43078
48713
25156
24125
45920
14580
24346
37822
46017
34567
19564
11271
18827
48021
22341
7715
39967
15711
7229
10532
46792
18657
35956
19862
42906
33944
45169
16283
10642
32339
43706
18892
15186
37900
21193
12945
21107
27023
19600
37775
35829
13415
18762
42001
9136
5211
48702
2083
18945
20233
4371
8343
25656
46466
44202
48300
11464
26568
35576
49900
28646
6358
12032
44483
7025
11201
31721
26356
2306
3693
35337
28524
37423
30710
29024
44894
15342
40541
10032
30144
48409
5079
48732
29952
18516
12359
6751
16840
32497
41520
49018
45085
35585
31174
43742
14144
2456
47910
21953
30528
41662
37376
3332
19409
33430
3841
17989
37328
41955
22008
28520
30676
18805
19521
43459
45976
9789
34828
20461
32808
3996
12639
12862
2734
28094
49118
44193
1451
43216
18311
21591
37014
33733
49045
10338
41532
31538
10298
34632
19568
30488
31017
33492
35353
35581
46388
30132
47200
31171
19748
14473
46963
36536
31162
24834
41566
34235
41083
14273
10858
33803
16218
48682
48959
48950
4765
42676
43009
447
14076
28814
14323
44023
4952
23053
36217
17028
18427
43013
41880
23496
8271
46902
15241
46427
29779
37437
37070
39560
47565
2176
36617
32063
44175
371
27497
34024
23557
337
12336
38793
30444
11447
36872
25367
25864
22021
2855
22332
47725
13847
31607
23731
3160
14578
32004
2253
38027
27381
32436
36652
31899
6312
46318
47277
21232
45445
37483
1777
39966
40105
10159
43432
16717
21858
20771
9681
26538
5872
8874
9991
47693
32227
25635
25984
29093
13022
46788
48474
13157
7675
46489
37872
47286
14229
10752
42950
20419
41947
47759
13083
29242
41199
33080
427
36653
24525
24140
35161
38336
37827
3928
35781
6237
35840
8252
376
48411
22691
41375
39184
288
18309
39858
4092
21213
20892
42825
2937
33726
31145
33444
15313
26769
362
18918
6002
12464
39998
49064
45003
48127
20287
18100
28554
9948
13528
39675
11761
17489
27766
20133
39114
28129
23822
25463
19108
3185
20983
43634
43081
45880
18992
2622
1061
38411
9471
44502
18854
48701
24588
48724
3515
11245
13153
46882
36106
45210
5065
36491
34666
12096
21198
18541
7495
40318
18405
48012
25355
13738
47230
49167
18225
568
4027
41403
15227
15723
44111
48883
42236
36839
853
13271
19599
24161
38135
30066
27200
39173
18966
10944
13364
42083
6735
26371
18559
15996
31232
18938
16809
1304
7571
13175
40603
1623
9750
33229
12951
10458
48392
18813
1380
43601
6816
3402
28589
26420
33715
36193
4426
12703
48040
14082
12750
16277
28950
13873
23607
46978
2231
8349
4756
33476
7991
25757
5656
12181
2733
47896
47358
31895
884
23893
39663
759
12026
22639
14608
34297
37618
26022
42827
18095
14602
20623
41862
44886
34125
30822
41655
13990
40329
34462
45317
49015
34614
30198
4717
12081
38916
18435
4420
2488
44780
810
7117
49497
29770
26232
10781
26572
49847
14842
1013
37814
5666
15094
21372
35677
43793
6195
30309
25324
1472
3818
41608
14038
24671
29392
49581
35102
27828
8285
20323
372
19687
22717
39182
35295
33616
1157
10334
31778
15989
14176
4591
28876
5006
15710
752
24281
13750
44841
36342
16793
27553
14771
20380
13470
19890
40386
36615
24146
11552
7245
36127
48917
8743
30180
44303
49211
36861
40303
30183
7322
34027
39556
14673
49369
40761
38085
18898
16974
35155
36896
1744
35548
34656
39827
43499
41899
16819
28089
42850
2180
31537
30113
22770
22934
6470
26977
21653
6537
44477
41450
15170
39411
21743
24398
13263
34676
38967
18916
49535
31075
10899
15909
8009
20361
7016
1444
44965
7259
37147
5270
47322
21091
40472
16137
30454
46746
35029
33180
11913
7164
46868
25126
10037
5195
17794
21923
326
647
9690
25682
29350
18577
26036
36397
11473
30130
9651
39790
25477
4708
9337
45269
609
35625
23314
14334
47534
47710
39537
19088
44929
1023
15325
17367
21631
49974
37402
20350
12435
15477
5486
15403
7997
10717
40033
6913
5187
2070
31275
48425
28418
38346
14201
2684
35026
39148
1048
17973
39515
2463
47929
31724
22041
17062
47734
29966
29257
41626
33877
1029
48268
41035
35323
5358
23951
217
1093
47129
20627
7119
17560
2318
8664
23005
13610
29981
25420
1015
7068
637
7427
30842
37450
1125
26649
31907
45370
9560
48651
43106
3208
28756
23587
43972
10555
46052
27328
9526
22643
44573
26693
18744
31666
42573
1845
27018
30934
46467
29854
4079
27788
20280
8467
46244
11735
28749
31692
2409
44968
25157
11572
27098
16305
35819
21912
22262
13265
24572
22436
22354
20033
9627
37129
12562
38913
92
3827
19540
27545
28607
7309
46135
30148
7103
49706
26643
37750
49618
27194
35957
41716
21113
3888
9723
16192
28267
47527
30278
33505
42319
42519
20677
45580
3887
36537
20799
47077
33556
2875
2952
21810
30730
39555
45388
5228
45989
36395
47315
1527
26168
37555
16426
43762
35301
11599
28563
39886
17529
35281
10898
29921
41851
5908
44083
5766
17407
42286
13603
31482
3793
40706
12772
35315
35662
24529
23031
5708
21844
6732
10617
16451
42385
26947
25144
7840
41467
14574
18480
29566
34596
23709
10097
8727
16980
49136
7877
22235
29078
20879
17684
27968
16647
33613
28980
45597
38510
42938
9543
35705
43761
18157
15659
21208
46204
15984
11925
20143
45073
8135
15043
48349
46449
17284
39291
32552
37247
39295
19363
12666
9
22834
9795
7926
36245
14536
2480
33191
8670
630
48376
41020
3374
47590
16571
31801
4711
40140
7128
31006
38464
45055
48011
20974
18007
34363
1675
29324
21563
22619
41231
49994
6962
16140
40293
9078
10973
4382
10492
32203
37363
37764
6675
32665
21574
24856
25867
4294
12797
45814
22119
44723
16759
12732
16644
14329
31340
15549
4000
37609
42472
4538
40515
34422
45163
4019
41816
4024
7374
29275
28933
47537
41363
13956
13854
49610
20938
905
20077
29838
34332
12852
42073
25967
4822
43458
34763
7258
33935
7129
28984
48028
4099
19919
30849
32920
12133
32033
45613
47192
15666
37421
41936
42411
27054
17692
47704
38370
13391
8972
30832
21116
6349
16184
10525
6039
1189
28463
21649
23279
1042
4388
104
34917
36086
29001
27768
17090
46856
38136
25687
34245
770
9143
41901
38790
10249
31304
41698
14754
16173
34117
10536
31957
34756
34394
28073
23511
16844
47298
34467
25107
1862
36719
34522
22982
35491
11369
25940
31624
44797
2136
9958
47406
34288
408
28718
18737
12539
37899
8632
38335
34940
8934
24686
34939
32862
2732
8512
35961
37766
30326
25735
9692
49060
25153
17578
24574
17273
27626
11177
48986
5404
48739
33288
46664
4859
45659
22991
23479
25845
13712
3101
46411
16150
1870
48373
43445
19437
7502
28403
9455
46752
41448
33910
21295
20575
43586
48710
49456
41525
21687
4968
11315
16291
7592
1725
17949
12100
17009
9961
42003
88
559
24995
4543
18636
37991
24497
1677
42032
14591
310
46063
32903
20817
22408
9362
33648
16314
26745
46414
8615
46083
35927
2289
11033
23308
4937
6535
23899
44635
21571
20933
5157
7464
20168
35219
30692
6820
8674
7067
28451
15595
8971
25861
2613
6337
28609
47026
2768
20632
11487
31012
11018
39297
18513
31375
28136
37770
18545
19609
39369
10625
26240
18524
47548
9960
40583
46955
6623
48786
32351
44961
45379
6380
26047
24485
13326
32001
47312
37824
45717
47275
39449
13009
32130
18130
35623
4860
45393
5002
174
36306
38919
27063
9060
16590
25291
5594
39040
22125
45838
4171
5969
48795
30381
3632
17054
48579
2334
31844
18718
27389
19955
351
14964
47712
27309
49061
36718
31272
49843
8968
25732
47106
31425
29944
15916
5637
11895
25249
22565
3396
8654
11435
4089
28344
49280
39651
31255
44181
2660
3406
35731
5103
9978
8169
12064
12353
40143
6826
31544
23349
33712
6699
14029
33496
3792
1564
49945
37964
13532
15117
11172
31597
30191
14707
1466
13576
12590
4553
49376
9860
26513
6121
46908
14430
44189
13102
43034
6968
22913
28795
35553
6117
40672
49400
45262
8350
19170
17492
28122
38434
40435
20395
36412
4778
28378
41126
228
19628
8570
38190
20163
25818
5436
46544
2093
34083
33244
15791
4744
24465
25533
45945
9366
44078
37481
20601
1306
38885
36060
38934
20347
9190
20098
24950
46144
45813
5658
45207
6960
49983
46009
6565
32242
20084
36898
5875
15840
17470
24656
18549
37244
37645
2064
31175
9790
7197
10412
41865
49901
28031
46085
8215
39810
47248
23594
36607
20489
9599
31893
24264
8926
39066
455
14559
5313
29404
1340
29390
35243
12338
27585
26692
22246
31404
20835
19024
41393
45825
29539
15363
21929
15842
17747
43136
28541
44613
3911
47365
18595
39141
20105
46320
47294
46641
19325
39356
19211
5919
47736
12143
6728
6461
28521
41740
33238
8176
2388
14870
32940
8833
23510
29945
32319
34933
48019
37149
8884
6681
279
35670
21790
10958
22036
20065
41490
26896
43982
38972
46711
22748
20746
22070
37121
4749
3351
4665
37106
31975
36344
18677
20511
41967
35715
7177
21786
7890
46375
16492
48347
34199
4482
44988
29829
36854
2049
7816
28309
2284
10831
49569
21611
27704
38794
47169
44679
4175
33305
20711
16860
46651
29422
31855
10878
32478
32681
10915
22829
31111
5839
16478
11907
46954
27643
27528
45338
17629
10696
12202
18001
34113
24679
1194
18960
28429
35201
37131
33074
10515
21499
42584
16789
2908
34345
26057
16511
30603
4596
29534
17950
1066
17662
42531
32938
41446
25328
44674
32790
45842
1871
49797
40713
28478
24543
48324
49821
4488
29936
6054
27728
37004
4738
4598
17793
27836
25045
4492
31971
14942
49309
31740
23625
33735
16913
19567
30542
38110
26775
19965
1312
1510
6693
873
43764
41639
6118
42246
43723
8889
11714
18255
10284
12587
41542
31388
39776
25580
32721
15156
38716
4953
2989
6136
19317
22902
49388
2791
8001
73
23107
49558
43917
12067
24810
44210
41536
14950
39607
37971
19217
7278
39389
23598
34581
28417
47854
3193
21118
1064
20184
13885
16388
17549
38248
1732
19450
42467
8867
9558
11804
23629
35681
22148
37001
48677
25556
21941
23242
45247
1620
30560
4835
28256
14068
18328
4481
7918
24130
28669
32697
8941
23738
15011
38941
22596
10155
1187
49655
48884
35768
30345
10056
42856
27181
28820
39797
15800
17267
25520
36256
23307
8049
29197
26529
8967
37864
7261
25419
42294
1204
10464
16898
9824
42442
37236
9927
12441
33549
8031
31785
29338
22033
23637
36657
47531
48206
27126
2391
42637
21277
39391
10760
14280
4771
20478
24581
12180
11418
49134
11507
22510
2569
29551
28489
22849
25094
9675
12388
29216
10245
32035
2307
36235
14595
5025
40489
23439
12386
25425
15169
8781
15866
22492
19498
40997
10243
28758
34254
37847
27132
19027
35070
16959
20586
40278
34898
1984
2423
37354
33292
44760
26817
24663
22276
14269
40404
42899
5057
8448
27887
21863
39363
21436
12876
43452
8887
38975
18072
49773
31952
36643
25304
29456
26485
1207
43008
23352
42663
20506
2071
6414
24931
1661
35911
14085
30860
43524
18900
37606
31371
24419
22632
14036
26264
2604
28935
43554
23945
13392
10023
32265
3155
355
28683
41314
24673
21559
37264
49173
45929
46590
31539
49948
36416
30117
6819
39614
48151
25561
47911
25717
31292
47890
13762
42766
8668
48961
5168
10193
34706
26678
29523
21360
49958
328
19700
6948
36734
96
7294
34974
21847
7081
37171
37734
45256
47782
41279
26474
14702
40049
6866
5885
8590
18891
22077
30661
8866
911
12782
30802
24962
12046
19310
19056
47881
29650
18482
37506
40863
48128
46988
18794
8107
48343
20713
34619
47404
7613
35559
536
25315
46808
48992
2655
5867
31282
6582
39770
26925
39755
910
12786
27442
4593
43907
28923
4369
2026
20339
27450
12237
17236
17144
42420
3424
45713
19186
38557
35460
48105
19344
37092
40665
12962
16927
35384
48235
10068
22000
5622
9885
25655
26290
42347
12585
15480
35590
3676
48814
30249
10183
13667
16165
26449
20993
48976
3312
11899
25237
18052
2652
40465
19683
48278
11092
25429
38267
17926
46080
12509
46120
11922
35823
28038
1966
49175
46635
47906
34867
30171
10511
15643
36338
26729
45236
34486
21662
2078
49628
6536
38155
41139
35611
43029
44927
11678
13886
42335
31128
24043
16743
3517
26881
6115
33500
46402
8282
41233
46202
21031
10335
29414
31604
37361
39267
17722
6068
7853
4231
23458
41868
35817
4858
40617
1953
9852
8604
378
37540
23938
22944
43910
40150
12597
48143
2110
25340
26043
28175
40357
32328
39704
39110
7053
19836
26504
26311
9683
19632
785
36268
6978
44768
13959
6059
23933
33936
28447
18362
19018
43514
25715
46541
19775
31234
10870
47364
14001
8637
39970
16948
28383
20446
36644
47574
19155
12480
24955
8531
25265
5848
18339
8464
436
18440
36676
33895
35833
16214
41067
48641
5419
43033
14621
25443
47844
48016
35502
40430
32584
6563
38081
7106
29611
6142
3021
3183
23832
28615
16229
22003
14567
21891
10765
45938
1482
31278
12970
44633
14289
33164
14781
27007
33683
11581
15920
11556
27901
23412
9299
7283
923
12286
18281
41298
42821
18128
47658
33187
20686
22363
9477
18495
682
39244
18406
2290
16039
9491
48455
2122
17817
13673
29756
39903
11159
14638
36454
40009
9286
22106
21302
4063
47698
49833
7873
46701
17991
21894
19081
27469
32411
37979
2056
131
21648
43376
32527
3043
26667
35788
30951
22182
43427
29531
4783
14271
25173
15988
5903
14923
49859
25329
11591
43766
22661
49856
19453
23320
10446
24388
28516
38839
18565
22716
26455
46961
29737
37015
12598
43333
44159
28739
20953
35339
10726
15388
24400
36494
17460
3593
4590
22214
25769
36869
7900
42138
1839
33050
47596
5194
38191
49638
40118
11684
5900
12132
20874
7348
35093
17189
22405
14294
7386
21434
42987
21094
6265
35146
35306
24294
3618
35995
22353
48286
7992
39280
8656
21575
44745
1647
18239
30702
24152
29794
35878
38647
27290
7005
41833
28738
4837
16036
29996
33747
37087
13735
13382
7522
21625
31110
4372
17191
23156
28771
44614
17772
46190
5482
8109
47959
26189
22172
19171
25167
7319
43622
36426
2308
1956
8717
23920
7521
39135
38226
20315
22861
6352
23312
28051
24831
39250
11330
26440
39111
48790
34340
35923
8047
31976
17008
45156
23781
15123
46702
16158
16279
10428
33547
15362
17172
22429
39190
31802
28539
44769
41252
41968
11011
28663
41660
28257
27056
19976
28121
37163
24377
9876
14309
27683
33739
2240
19607
29717
13264
47018
42076
18871
10804
14732
35567
1748
39286
44269
47860
31347
30105
4570
1524
44053
31974
34659
22080
30824
10365
34012
34219
37438
26943
17676
13152
38666
46143
14411
12857
28413
29528
22416
23305
37556
10653
47828
16144
19471
41920
30537
14084
44863
16422
781
39439
2698
18459
25060
49592
9787
33672
25356
41612
33422
30674
4726
42655
12640
49942
46558
34019
43557
14245
36930
5707
49402
26332
13591
41255
20158
19256
14302
23974
41310
29115
7600
27481
33997
49611
1401
5139
22970
24451
10970
31626
34464
13938
32110
30522
12730
25381
25764
2806
39839
47513
27660
29184
30874
10926
6883
8258
14685
40855
7670
49411
31155
49779
27215
40555
16105
17594
30618
33326
41460
26695
35496
37625
49093
18720
47023
9430
41305
38744
476
17567
41161
29537
9867
43847
36272
31857
23617
28996
10354
12055
43044
47078
14927
4114
18511
7612
42248
15765
17216
7134
32909
37642
22223
40473
1579
16997
6013
42656
33707
2216
10455
11566
44586
21279
49944
25268
21355
36152
12972
49567
20898
9168
23094
43977
23608
34177
30977
5263
26017
34911
11286
6127
23907
12168
2272
6636
7269
14806
37932
19188
25513
1201
40302
11819
23465
14654
9468
49203
45446
26039
40552
34423
7798
7777
35946
43998
31668
16307
34241
49450
31552
40235
25664
48941
6854
42993
34729
43250
31507
46241
36189
15224
2171
25730
17671
38826
34496
1582
30789
34972
27436
42104
27506
26960
37535
43664
18483
34556
37231
26424
23127
38838
20273
9699
44413
41842
27945
12022
49531
11274
129
49250
41061
40509
42459
9038
4546
5255
41725
30219
48468
32927
31543
13536
46726
28395
27187
3480
12239
4836
47953
14455
32185
21283
46796
3212
46603
85
31189
11709
22373
17092
36164
44681
37218
36933
41185
1686
23706
31072
31595
42260
26542
46396
45414
29091
13081
46055
34278
24466
33382
19229
4777
36328
39366
30588
32037
32213
31188
22240
31032
4334
48606
18228
22516
3985
42649
46948
34750
41303
32477
18389
31884
25805
44059
1098
36835
6330
14318
24374
32556
4103
47576
23639
27108
14022
10992
45524
46210
17303
37678
157
28752
47744
48081
26863
48238
34352
47460
6314
35660
23798
47812
15747
13301
16688
49984
29713
17891
15903
8916
47412
43060
15456
2401
3567
6363
5386
2129
4969
26712
26703
26365
23664
34844
35157
19134
19876
11594
3302
8554
20340
31236
27485
9664
44165
25677
44925
49729
43447
24213
45638
18243
1889
47628
24436
1176
38246
10280
21425
23739
14065
46993
49049
25113
38148
45183
31590
28389
13018
15382
28422
17785
20417
40708
7143
48729
32708
33246
16641
29415
18475
46917
46906
38050
39999
2143
40681
37034
45588
40557
22287
41263
36951
26165
6952
19360
38317
28833
42238
49443
23291
11852
16949
4734
20963
16440
35419
5977
8502
26801
41787
23640
8593
29556
13169
37213
17617
6140
22462
10688
32933
23805
21805
40889
32717
34410
4606
47207
34161
29300
28323
24874
38773
42418
28444
17127
9081
39121
13983
4297
38621
18443
49872
4752
31102
20989
18067
3950
48895
26278
46780
5688
43377
26709
7937
17421
42586
2616
28977
22169
21336
49886
9479
3579
45609
22550
47968
1908
37291
42851
4159
46352
13798
48415
39211
10468
10987
434
42469
33049
38245
39361
44494
36539
44027
22998
38977
21823
19377
23834
29346
44384
4753
10568
40969
6489
9951
42058
35471
7394
33561
31555
33322
22480
11013
6063
27898
25123
477
19797
48788
39299
9671
37902
32925
8577
43641
19698
34769
44471
4003
32230
20927
22117
13449
2393
1057
19077
30777
13877
21772
29011
9735
39918
39438
40995
13015
20493
11510
16151
46669
25692
32182
15158
19246
12733
17304
22248
40375
15656
21017
8425
1406
4355
11691
34871
20082
21085
46316
12761
38138
30780
47487
19277
49990
42436
47014
17481
3158
17400
40711
17133
23208
22072
27265
19456
3648
12019
1330
36277
48926
38871
34272
20353
29131
46169
1933
41378
31486
8166
33141
24755
10457
47140
48880
24009
35110
12145
6638
44297
13866
11070
32767
27635
25631
26286
10275
34640
21342
46243
24639
7870
6135
1217
18663
542
8715
28302
26683
19926
23621
4495
42994
7363
4882
27400
8255
12554
34397
19375
35742
5432
14569
27017
28599
45843
37269
34335
32835
6529
40912
27483
26770
32640
10600
12498
18187
19198
25336
8650
45483
4541
16125
19527
26725
3124
10724
25643
29209
18984
5544
26679
24721
45793
41383
13308
27614
40992
9040
42734
8179
30693
30781
43144
10263
32254
16908
18069
28706
39195
4679
10474
35063
45289
40373
18212
20245
10684
42371
46324
33804
3117
23736
20239
16341
33157
5207
5435
14311
17296
19029
10055
35954
20175
3463
5686
13711
46628
15177
20035
42139
47798
25469
22490
15983
44408
47111
23478
36475
31462
23831
2264
33407
2325
9157
4256
39315
7697
36749
42986
39260
16029
46206
30818
43286
26248
30055
5813
43465
29902
17608
22699
7315
13867
25057
31571
10632
26405
43987
28303
49468
3059
3504
22017
6644
34793
9636
35035
28651
33899
15664
8318
46304
47098
966
28578
31321
5274
20192
26344
37259
7338
46650
44447
35486
2819
46830
37433
3687
18402
25359
8379
562
34789
37478
19645
40327
5114
28590
26847
14415
16191
13617
16348
22952
1948
20031
48511
12182
13575
15769
8270
2151
34022
15797
16416
25628
49708
24743
35669
49816
44377
11335
3847
20191
4362
19154
11161
3214
48671
4108
21285
45792
24675
3074
29941
16097
30268
25472
13212
6049
41894
34081
13698
32056
35149
21018
42460
6198
38782
18367
36720
4669
31099
41045
30875
3451
31163
39403
39021
4740
5411
16985
36433
12757
24137
21921
8869
22827
4251
37633
8859
14057
27876
4647
31438
4611
30436
7710
14948
1643
49216
25412
7413
13683
35260
1308
37586
22189
28759
23537
36576
18801
41874
41656
10978
21093
2971
8221
1362
19808
49939
16457
23742
45554
9369
2248
24870
15839
14945
15729
9676
19686
45738
4287
16709
31658
43011
10731
18234
41730
5897
41794
14114
20604
26384
16704
14892
4646
6368
21782
12622
14647
16585
41617
48069
18109
41144
23864
6316
14270
4026
13844
4713
13347
49213
48154
9377
12692
45917
24893
24754
30501
47930
11023
30032
46345
48400
43128
11068
35589
45078
26366
46775
28340
41729
27809
8301
47820
12481
49629
14496
6836
41616
22034
25036
1191
2224
40259
13003
27198
38490
19888
26610
554
23992
22152
35884
25033
24181
20405
17767
20100
2589
31359
12306
21098
14317
17777
5997
38895
9444
45224
23693
9788
7686
12746
13189
49512
44196
8028
12249
14523
42017
34965
13241
7306
40810
41176
34165
1103
36097
30303
34294
23366
18383
31250
31720
24380
16699
9805
23890
39809
4504
35251
34946
24306
22656
6768
8170
11107
91
44128
23460
19392
992
2912
32647
13995
38200
39096
18371
23752
1599
39376
17301
25428
24947
30523
35752
704
29648
49028
48147
38497
34584
35993
45261
20605
18310
16443
46360
43210
30960
29955
23074
15759
22500
21826
6075
1981
5854
14355
14418
26419
40116
6021
18877
1458
9813
32873
45451
30787
5562
10175
35989
25008
24219
49835
26728
721
42974
37665
29788
8659
7539
16998
23840
1532
25303
25510
40225
35849
6983
924
44294
18593
7867
18003
29511
25921
35921
28998
846
37307
23838
32929
6076
33566
4293
5237
26283
46900
4261
9374
45482
41131
9620
3746
33419
41844
41104
7559
18471
43149
3897
10266
42575
14913
14609
24964
42183
35381
5535
9751
29743
38107
22918
32274
12574
37410
26530
28380
46642
37054
28058
49622
7472
19164
42539
9591
2485
44579
29417
12928
11543
8390
45776
4674
12107
4676
37947
16536
19304
27426
43032
13135
43545
49386
17788
2322
25878
23363
34145
3493
40349
44416
25302
25665
21435
8246
38465
38511
39399
19873
1383
28750
40079
26383
2983
33330
41781
34845
21693
22170
45162
49008
3976
10116
24317
5770
12536
35060
7196
9488
20185
33794
2527
32649
48775
45555
8441
38735
45982
17247
21913
12505
32895
10138
48319
11883
11655
43923
26734
18211
22253
33319
26704
36413
46263
10910
804
29180
31035
20004
15601
31591
149
5183
16812
4872
26308
35216
3559
35340
8462
41345
26273
40448
39782
45874
35797
17316
48493
11553
1329
13764
29394
38224
17646
47653
12697
37127
9222
45195
30095
17591
19358
1302
9441
44569
17650
14379
1768
3619
34091
14720
4993
12615
26313
34105
1002
19565
40572
38792
23204
23545
40166
46173
46184
32249
34101
1952
37792
42158
24747
46977
46786
11648
5096
43717
22161
5695
21358
16843
15592
27398
6856
421
23871
19214
1479
31480
29818
10691
4005
17215
42623
7609
26842
10918
47985
31698
18415
18583
31113
15525
31476
28445
19492
41240
26271
17150
22043
44394
7183
29296
22799
19046
35568
17739
47316
40162
6687
26682
37387
19270
1410
42765
15969
22754
13952
21265
42501
32880
2987
48720
13172
28307
34531
2656
27663
5335
25797
12253
46860
38531
25532
49083
30701
7712
28891
43309
26565
28287
7966
22919
7746
21801
1420
45310
32645
40699
16414
10629
40712
38079
28653
24787
27693
13588
37138
32397
8248
25101
45144
42690
17454
28493
44669
13016
5533
25264
21475
879
15649
18755
7549
28125
44492
30795
45001
14333
22259
9662
20645
8402
10754
44240
37844
36072
7688
820
38878
34589
17825
45346
8299
37644
41353
36914
28823
47899
27865
45371
34451
23721
8191
10389
1284
42401
49866
33203
12957
1480
3133
11422
22401
36531
47197
27257
10917
11941
26670
19701
1355
5550
42567
21377
41019
8116
49746
31258
47702
33192
9726
47389
33952
44814
14953
17689
15882
30503
44287
35437
21398
35651
29561
4265
48052
1075
33941
18772
15194
33781
7158
14369
9947
11332
44737
36605
43800
12608
23536
16481
1360
29842
2939
21273
27985
19553
30462
5952
36176
11323
7098
4191
1016
4004
26215
39126
16503
2195
36009
26726
20651
32405
46260
37751
36343
40733
19275
13079
15376
8552
13476
22854
9575
28974
33694
41962
13584
31774
25414
1523
25711
33179
47285
42061
45301
46481
37505
39701
12289
42127
2392
5042
6455
29712
25258
31736
2934
44182
12434
5011
44624
11376
20786
32643
41482
24196
33848
7810
27696
36569
9250
43965
29600
20664
12882
46748
24026
12200
37612
35676
7520
46901
30739
29086
43463
10401
4379
49844
33245
45143
37802
33030
12875
22364
5476
32467
35934
48407
33346
36792
48534
35105
49392
41414
17605
21617
41654
38764
33942
17682
4119
1286
5433
34000
48715
17012
14078
39412
45553
15943
48717
33765
5928
3246
32341
7396
13251
5422
21785
34926
29845
47751
44991
36038
17928
48507
46176
21793
32671
5583
9844
4558
43077
12548
10660
4769
19770
20582
2960
31159
25576
42767
9557
46843
7808
21530
5205
6208
27124
42613
17254
26938
21457
14239
3940
28826
37090
32905
32133
48121
42272
14590
33926
7062
19185
39220
44593
14159
20530
39551
47616
5905
17154
41836
33154
31951
3589
36150
24939
46441
40989
49063
11840
43255
14064
38422
30589
9871
684
18874
17557
2725
36659
566
46175
26446
10612
31473
6440
34554
19544
18344
17474
19352
43484
27644
38887
22983
20616
29196
19037
26904
48541
14515
38286
40217
34040
1133
46720
23370
9925
45167
46124
45546
21165
33821
36833
18342
41806
42956
43475
16349
4445
28670
3028
40000
21201
6081
14067
10747
14388
22927
18876
44779
9018
444
2131
4054
38881
19356
7615
48866
14678
29302
33197
29965
37443
31496
39196
35468
32968
39635
13359
896
36352
20112
19400
48481
20950
532
24562
7824
10013
19557
27048
19754
44340
16648
44773
8000
30332
14641
25186
15662
28455
25600
3054
9050
26955
21311
33903
26438
28221
42939
16273
18603
36241
45531
33401
33691
15654
45154
47662
13365
6805
34500
13319
45007
36870
6506
27075
19820
13756
4563
13113
41657
2816
38072
45991
37680
42840
24459
735
21759
49338
37789
22764
19160
34349
11849
45184
35039
42869
27817
20113
29552
3314
7493
26339
47325
870
7409
27453
45651
43076
2833
47928
15535
18568
30844
48490
8702
39714
22242
9524
47137
32494
28512
49767
28991
35512
8608
12151
8932
38088
2856
24512
5384
6641
9625
3095
49279
8306
13260
2922
15897
32662
4173
29923
21387
26763
9883
13337
36320
40014
27405
34794
35124
46105
13689
48484
45847
5479
35865
18177
5020
7722
31238
39724
25904
8401
11797
21543
28829
38930
18159
40084
2904
39344
17459
18252
44666
26797
48112
4796
28454
11333
14745
38669
2608
26720
44600
5619
36831
40022
4980
29732
8118
18521
31274
14380
48583
24633
23772
23419
14381
25212
5652
45491
8564
40591
10258
41456
1693
39005
3455
16177
50
8592
41424
13082
24513
28690
3275
2870
16739
20016
16474
22633
36313
4545
16839
938
47799
29318
36650
25886
37696
5126
36794
18728
11320
1492
25135
34894
37406
10194
11475
24359
25152
7449
22095
17469
6088
27812
30598
33914
24530
2326
44250
38313
36373
47262
49495
30215
14502
24937
19699
30533
29087
6169
953
28130
443
34853
13668
30082
46062
21119
47775
11943
28930
7519
34788
23420
39563
36388
891
11786
43794
17455
4571
46371
21408
39696
49240
14779
16782
22199
25160
7719
41508
16484
45117
41477
9870
45060
1097
20215
7505
44461
32725
1315
3732
45850
6055
37144
29124
29041
9962
38623
29046
45763
27406
43695
2752
23309
28232
27130
26061
7180
48540
5496
34714
42190
7546
27988
45232
47842
299
19247
40527
32437
20715
44116
6933
10374
2841
17718
41541
47367
33275
21464
4356
15297
20263
17630
49452
34707
30491
12985
44239
41437
22207
20144
19
19582
23728
30287
26394
2344
24282
47466
38739
48041
21817
8541
43655
44860
31428
35730
45284
46600
44040
46087
31542
4839
17507
28075
16096
30768
28952
29665
44884
30035
49310
5375
9937
21510
43133
43041
31909
40858
22989
19166
25752
1548
28794
11364
25447
7172
31673
5416
30432
6605
20488
44246
39208
4076
34436
18381
4811
42135
23019
10054
11630
41649
18248
27435
31931
2267
22548
5430
4925
49287
34611
15982
13818
33313
45870
38356
35527
30483
44330
4875
14196
35120
33943
23688
22178
14931
12290
23073
49698
42577
1999
42326
37997
18391
4433
14206
11188
31261
30697
25863
2394
28085
48071
37457
8516
40702
20736
25203
37928
31958
20679
16530
15619
39321
28004
38076
24701
11917
20211
12710
21685
21033
31367
32701
48867
44977
25893
1245
39981
34032
19589
11830
31735
16298
11818
25032
2954
9894
14739
12778
27744
29206
36573
44733
22819
38009
49524
39469
25998
44299
19014
25604
41133
49498
31227
30331
9274
30573
34096
18298
40529
42439
31866
33134
1990
19411
24799
2002
40914
21717
38430
49076
25668
22234
11687
16677
13217
11801
45089
23614
23842
45016
19061
18802
34976
25011
8817
40031
47186
8130
20453
11380
5249
17586
23468
48219
10487
44993
13653
25780
36575
4407
4806
33592
22443
49946
32009
40265
47258
32736
2097
15072
39600
30525
34770
26550
20466
6530
25833
36937
1907
8704
25077
44501
41392
31715
30670
21364
42364
48535
46525
47954
43221
44658
27998
37275
34991
47390
959
22640
40047
14613
29007
8635
7271
34200
25562
33939
46505
35657
13496
19161
13951
37924
31641
3854
49957
40894
32893
42119
3350
46093
4825
207
25987
3224
9307
2144
43595
7136
24616
38713
27720
336
30918
17281
2200
42264
46366
41771
22956
44488
43052
43944
38726
1375
14940
48050
7516
3
41142
2764
848
9443
35564
6051
33491
21583
20387
15893
40315
13357
39688
29246
28769
23681
4885
23148
15188
35735
22113
9708
29550
47509
4923
6007
14138
20335
28280
154
41466
17018
42683
11610
12712
24060
11255
33195
4120
29739
6993
4861
1883
11796
28203
25623
18026
7451
24198
15361
1105
38752
34892
23066
25547
12740
30459
32304
230
42051
12532
37963
15311
46540
12094
35428
38960
17740
17764
12614
44140
24142
25422
41593
21385
33042
31747
45062
11038
19790
2023
18232
4638
41291
23329
28102
35703
27737
33360
14667
31798
24883
28250
20182
41034
38207
963
39926
15714
31289
15833
9594
35351
47657
35773
1287
15124
40097
24120
34908
39650
28025
20409
48233
32752
39339
36994
15127
8209
44747
49032
10257
2062
48107
36080
47723
4891
31320
48802
20279
31601
15991
22247
31018
8952
6004
39294
604
31632
40323
38949
39709
23916
22438
24528
46097
22325
17353
9578
38305
27155
11963
11793
28412
15777
12534
23105
14222
36919
13087
39744
41906
44122
33603
16499
8831
16834
32553
21013
25293
552
23711
29370
41961
1935
6471
3051
11460
5117
47692
42600
7423
38573
49243
1763
8627
39685
134
34011
15507
36019
10636
21936
1702
45779
49780
38829
16554
43792
20544
45996
9798
21134
10551
31605
14585
47841
23802
35447
15083
31897
18009
24805
11160
45872
15315
17375
36842
47041
3421
45537
3956
44163
29598
21345
1295
7461
27424
35795
32850
37842
16078
21547
8275
687
11533
46099
34818
11750
6323
25575
4444
48480
4453
6977
16261
44434
1501
37552
10887
13974
45434
4384
23799
46286
37007
8546
46269
7899
8940
46624
12937
17229
19670
733
34460
27914
49585
45148
45174
15155
25043
46445
29492
23471
39377
25342
15212
9617
40790
19383
4664
1190
36382
39039
31829
28170
19792
24991
13788
39540
33772
2465
28117
12419
19535
7651
23033
24062
11479
12459
19576
30786
17311
25390
7709
49978
7465
16549
5090
48132
16928
1913
28643
16043
41339
8256
40167
48997
12095
20166
39460
30141
17031
26164
41552
13487
16791
31427
40684
14712
49490
19382
48890
14724
14402
18600
8890
2121
475
14440
27276
36112
5912
23331
49904
18185
49179
23108
37687
11557
37196
30087
20718
40791
27748
32667
6457
48685
2967
30986
36291
13964
22865
31027
44457
22670
39160
18078
6650
46246
16766
25737
7093
23967
40526
45271
38469
20669
7332
4232
39572
2015
42941
22483
35181
27558
15663
48984
19613
10543
24069
4881
12653
13164
38849
33469
46431
44892
32326
636
14324
37960
42018
49769
10950
37314
15948
8499
27074
22339
34928
34346
48698
7727
45452
8426
45488
3403
37472
28433
15180
39242
49372
33838
48892
20308
6518
32741
4529
17737
37126
13887
39568
39227
44726
21126
4217
10368
1367
45519
34401
37214
965
17153
13614
48467
27411
47037
11593
21937
16077
47213
19010
462
31156
32088
26946
45770
505
34638
27874
20341
914
1318
8337
40750
35694
38852
10250
43369
15337
37641
33000
37010
9516
37125
24885
7467
44565
35901
40024
16731
48615
30174
7489
24186
6398
35853
35011
47876
49037
1866
30194
25296
31612
17115
20789
28241
24074
14437
34092
4047
34645
32803
45694
6762
44662
40580
3729
20903
19574
35158
36742
1443
45449
15818
39404
13786
36827
49482
47399
13375
38690
20416
24214
17025
6874
9263
5579
30747
6279
44504
26053
40589
42892
13183
31161
43370
35366
13356
45444
22833
12549
35478
10581
39165
34493
10996
34047
42366
38892
40521
20867
33224
8024
751
46767
45292
31629
38902
49554
11529
35128
15719
17633
15293
21154
24608
37974
41562
11703
47688
48076
29092
41041
21173
8619
35416
18504
47082
18445
31615
25947
1721
12152
48722
43471
48408
5628
5866
8581
33605
10983
17741
36849
18619
46353
24268
45222
38362
40785
7960
19758
33070
21007
9176
16259
15476
9393
30342
27303
42745
15705
49935
11638
32220
27758
8973
11411
30632
4920
22828
5307
3653
49421
42006
40883
4106
40709
4333
21070
5152
27060
27463
41342
38700
8990
26475
38059
11673
27166
32150
31103
3281
4286
23577
8153
29384
13554
37441
40215
26266
39765
6340
26193
32513
38660
12124
29293
27603
30968
42025
5957
43311
30319
17823
39736
15959
40973
49933
28666
28728
36175
41432
40111
8572
15373
26146
4127
9601
15754
9771
25244
2997
34906
13498
36538
36486
29711
43212
31326
36185
33713
24725
48937
26757
44012
15680
49065
28675
24442
18796
17482
34284
27710
13566
21883
32761
30470
13979
49749
22345
38143
23727
15030
35327
32455
31000
42664
24013
27229
30529
14477
3435
35906
13027
45083
15300
27072
4584
9857
34067
49530
42759
39638
2233
10833
43625
32439
3007
19051
6465
35195
22298
14207
49908
31731
49896
26629
8014
2717
30161
32289
3802
35764
40004
14554
48379
4569
8826
4403
22938
27731
22418
28843
18888
46613
27668
28566
20828
15502
29937
22782
46480
30238
7039
26376
43748
24510
32212
48372
7426
11858
10233
13684
44970
4246
48377
31947
47371
20587
16470
6498
34015
35403
41710
35655
17871
35200
44042
45248
1285
30648
21163
34997
14797
25130
31454
11389
29963
46336
38083
43636
11912
19596
42572
35938
16881
16425
48703
18590
19706
43532
47816
43661
4020
35131
13095
49398
28026
6150
11190
31618
40381
18321
38361
78
12753
15366
42651
36806
19122
49277
20499
37468
29933
14158
21189
43801
31031
36239
40013
23289
39737
40285
14571
48657
19990
30140
39670
33888
26976
8295
10586
31458
23048
39279
42507
5220
33416
40949
14449
19300
6078
46915
36012
18704
32754
7356
34951
28774
22239
305
23529
18717
350
45493
23343
32250
34475
8616
45257
42030
7961
34545
35648
29489
26855
45662
29342
10627
45794
29682
38358
45402
20852
11532
43918
5383
4630
19022
9429
36212
36322
39657
5759
28982
28191
14219
2797
32030
19954
32559
3470
33324
31964
1856
14489
190
44065
13720
41109
44563
5339
10287
42948
1177
10979
43862
26296
43822
46859
44610
21411
28799
29947
4517
5163
33640
11788
45103
24444
35962
29690
208
21079
26832
3623
14633
26887
7086
6870
26175
796
3187
45070
4100
29289
4162
19339
43483
6016
47989
39691
2138
31
43402
37852
2413
38428
47660
5616
25724
31881
33995
8194
24445
37779
14914
30642
1678
24729
25543
45109
26673
3292
43038
37466
39738
34988
13086
2640
18235
10608
36377
26587
22721
27902
48287
25363
128
43450
10103
44101
46989
39879
34429
6663
16768
4328
30164
32997
2139
42673
18834
15798
12097
48888
43579
25890
35043
39640
49207
13068
4853
43804
25270
30221
8579
34952
41726
5527
30917
12175
8797
39613
46440
47013
13489
36875
30511
20593
25860
4902
37663
16397
25351
42093
25097
34984
25177
14809
34749
3081
21828
18661
9294
42758
3669
28388
5821
41125
28775
27093
19255
11214
45005
9512
39055
23068
23178
41412
14889
14603
10922
42181
101
2651
8559
46658
15904
45212
34877
15933
5975
16772
36457
10127
33263
20710
25083
45119
2080
44817
40142
29808
32003
12927
15264
13978
31484
25028
4532
19945
35271
49513
44595
3823
37710
16902
32861
44847
19994
32655
6700
9095
33778
22961
4235
32658
10834
48130
12538
36225
45673
6196
15830
17505
23811
23093
27565
9458
4321
7237
14342
8249
47409
4430
21466
19899
32043
21162
12479
20634
45669
14508
44484
13296
28023
9049
38412
38330
25616
43920
49788
14843
19518
21718
7691
39605
12513
8396
10995
18612
14374
2067
34978
17170
46033
38120
40286
41138
34668
19756
29535
12768
902
38615
31074
37765
21784
4266
2140
10745
19397
40805
48618
25289
26879
32191
29820
35475
25826
29497
6662
33226
9238
14191
44386
21914
38371
29031
10607
36924
37494
45869
22471
29681
8643
1288
6982
30998
34990
38984
20225
35536
47351
2600
1421
49147
26966
44701
32454
17681
45619
20171
36648
4472
8938
39451
31379
7188
7640
26363
10794
14552
32541
44601
41786
32106
35678
21556
25617
40093
5847
33171
40787
27701
14018
44301
22267
15048
33951
44016
37249
39423
14443
30295
8481
19816
27447
27096
3637
10932
20831
32010
46030
49660
32969
5137
33118
40980
27504
9451
18253
740
48614
34566
3741
37926
23793
11961
46516
9061
49151
35846
25722
18811
31620
23417
22427
33357
39525
15538
11284
48957
34935
2629
13017
34819
47407
21943
35698
35575
39866
48266
30988
44950
3767
13531
3060
7748
19707
17343
13821
8748
32816
43089
9716
37444
46283
47538
13355
45997
33675
43438
43251
26992
8051
23580
44118
46081
48018
19799
18923
23995
36932
21429
2570
38003
5750
17167
21305
30518
43853
43163
6447
16394
9442
31237
24403
49082
4954
37203
1307
37242
13351
17193
20659
8055
25235
46443
12586
25044
10435
7708
31420
44028
20840
13807
9077
8703
5109
9415
40760
20109
27337
6648
41096
34626
22241
40393
19240
12803
40330
15226
48034
31154
44051
27312
36333
48254
27202
26708
33677
2102
33652
26998
17227
2453
26124
3404
40734
37831
33487
8905
47701
49653
17159
46275
20197
39846
1073
37355
27989
47147
30258
4827
1621
409
26733
7557
6017
1050
2874
35458
21873
21623
32386
33493
718
1291
35850
44474
8986
14467
23462
46257
16848
25829
11416
23433
32086
30997
27015
39705
32907
34533
30861
13707
4645
12005
45442
38515
13499
43209
34133
33271
5459
10087
41588
47415
46811
28853
5132
24070
13529
30509
9508
13426
33367
5732
21454
27457
20951
21783
47948
17735
31842
29803
30531
31794
46865
40193
40170
12437
4706
25453
29980
44406
15571
4060
598
36554
39041
33686
20595
20816
10998
20966
6508
37195
46640
27165
44843
24934
44849
5202
46054
43580
32187
9462
6067
35258
22329
48965
10694
21985
41678
30347
34774
28293
20670
801
10571
32294
11994
29867
39616
33604
20055
49582
33252
28635
41863
17417
44979
7543
10072
32491
22604
35439
45907
16135
6270
32876
2639
46066
34476
48714
10247
32095
40926
6432
29915
41218
48360
13773
20212
34979
25163
18226
47434
34274
48879
14448
17495
35582
1919
42511
28901
21146
19611
36697
27650
9193
15247
32459
8090
28581
3935
20808
17252
30728
35220
23453
8415
4729
38108
2863
30809
9952
25005
4600
39420
1991
26028
17234
5082
38468
26969
16926
10399
8456
31625
42210
4156
45764
27401
36600
34107
37918
33515
45834
46035
26386
1842
18995
14624
14688
20009
9499
37657
27941
15147
14378
9301
10733
48964
26601
533
31172
36301
10788
9295
8806
9156
49219
13981
48942
15631
13809
25198
14121
44533
34955
27639
1927
14943
40909
39137
46592
21992
7951
13874
20026
28177
3800
5474
5438
16110
33986
11476
24312
12157
15653
2091
3438
36581
26919
34356
13678
2731
5301
40654
22078
42928
35356
40348
2262
40940
7700
22659
31494
38948
38595
44346
27700
33417
11327
35211
39583
15244
2801
17412
12224
1884
5677
25857
20693
49731
46653
39789
4094
16280
40957
29953
14278
41702
17999
21354
8834
48374
7599
43904
8936
10073
17425
11864
23884
27648
14220
49771
45349
33415
47058
635
46688
20961
47398
12380
42607
7135
8583
19780
916
27470
240
10538
15738
24698
2419
46369
38626
38513
11637
36936
29591
44802
46432
35386
33805
21383
48224
15573
35052
28678
28743
4072
24065
35834
40928
38474
20117
42626
7208
46637
35079
17653
30896
45781
9635
9777
36063
43021
35053
14729
12727
41146
11832
26430
22648
36165
44217
31014
11211
37477
7970
10480
29906
48853
41401
19738
42474
40402
13953
21438
35232
42111
30805
21350
28815
20487
32918
2258
24488
23232
46170
11312
5478
36453
34088
44699
5046
47670
31007
10351
11660
20639
27346
10980
26469
16365
36130
14507
44308
14104
1628
20543
6185
17005
33075
20891
27827
7256
39577
45941
38338
29018
18943
21696
29628
46571
19035
9349
11972
713
31392
4585
45200
10279
28808
20908
8097
47193
47143
98
10234
31688
27490
19133
11822
30539
19882
46550
32636
26128
11299
13746
19702
35129
43746
40379
48857
14424
35558
29490
5278
36907
49915
25881
31339
12984
18849
27616
41748
30667
15137
3677
31523
4950
17151
15444
28059
19458
4770
7168
47786
33985
249
22126
45447
40092
42652
10561
22880
16100
11777
47764
44680
3557
46709
49077
12072
7488
201
32979
47882
25081
25707
9595
20390
25905
31883
3620
34050
34695
49685
8124
241
25059
41584
31229
37342
39952
41916
9408
16114
2933
46326
19842
27050
16419
18186
7063
31273
38341
5602
21498
49069
29117
2505
44141
44119
29529
35413
29381
37369
40643
36721
41688
18420
42506
39745
3103
47646
45091
2173
36851
2319
1938
48610
22818
26222
3031
7653
2189
49110
8334
9768
38156
35578
37999
15107
9878
40886
17095
9383
19047
909
44496
44859
12508
47641
49325
35813
48244
23994
6736
4991
36054
47604
20787
3825
634
14002
21908
8547
12815
5369
11051
20610
29307
49522
33834
8849
29365
12792
46159
7936
38687
31822
28163
32638
27670
45479
30594
37191
40229
39532
17865
10045
40401
7333
28926
40902
14593
45512
576
14343
37190
38179
15033
15475
41165
20205
20470
20080
47974
8815
26153
30835
45678
11388
8534
2113
45151
5306
18930
37869
21418
1332
30545
19446
11419
11646
3858
17213
817
10792
27703
21122
24683
31904
31873
16638
18265
951
3503
12466
11587
31809
29950
47053
26891
4086
40852
20139
33159
36759
13088
42733
14786
28393
46498
15542
47149
41720
5371
5680
35875
37019
38899
31645
32971
48489
40081
29382
25462
21318
41712
13220
33445
40832
46897
34344
44437
30252
25789
36417
15511
27893
13065
26116
46966
30650
36283
41164
5007
32915
43667
957
11631
23077
32108
37367
47291
345
29714
40956
20052
15698
30061
22789
18821
19087
12737
49542
23854
35820
9919
29282
40677
36434
2100
15543
40474
49682
8300
309
48326
29473
38884
24781
36440
37178
32253
26415
20901
28896
10489
4464
41253
9180
21481
40291
45139
29487
21544
33740
33721
17819
9903
8276
5277
25106
36611
7171
41545
30302
2183
49465
8141
35891
34070
27352
16540
42771
2857
6941
13194
32588
36090
35143
43976
31656
13687
38890
46217
44126
28671
9920
41366
14079
36028
14856
45036
1928
41565
20521
37404
41316
17071
22385
14072
48669
27568
31338
39884
10557
44764
34739
23689
6540
1638
1525
18433
19554
37593
30034
37801
47100
22539
39729
37301
23513
10259
38509
4589
423
40954
28301
44263
22112
4468
17706
29718
25542
35132
764
46470
18671
34129
41637
17696
8825
30703
27045
23134
7852
42926
12845
15191
2508
21509
6112
38387
44702
6830
21622
23492
37769
38132
22566
5833
12453
12522
14023
47707
21038
41840
47895
18276
24766
31789
47241
3611
21853
41927
42536
18596
2558
11542
40653
3566
8701
19653
10535
24375
28850
40735
31094
42992
10123
748
32624
45209
6510
48488
41528
23095
49602
13741
32943
35104
46889
9015
11415
32994
19060
39314
932
28238
38533
3941
39589
4512
16649
14883
33525
12477
10993
20978
32281
35876
2185
852
2982
13181
37650
33690
6659
10129
35032
33685
12368
4887
9533
28165
11186
26055
1801
32092
9685
33450
48263
37627
44542
5122
25275
8955
8846
36728
4253
1571
10588
7230
13400
46
36424
18060
21217
37170
7170
23599
7174
34542
24913
34785
22315
1084
38732
10639
35803
15796
42863
42395
26199
25653
43380
8471
32570
10772
31098
42552
7705
13777
10849
43004
31961
34039
15066
20369
19285
2487
40099
33217
778
22417
3835
49249
14407
8204
25607
25541
49349
18983
17775
44801
38063
25171
3832
33370
35535
21864
46994
48963
47962
35692
44284
40359
38327
37724
13987
25566
21002
6562
34387
9509
3251
47502
4247
15906
29254
10371
47429
32705
30167
10440
7982
28325
19306
33428
16005
10357
47512
22586
8872
47891
31015
6630
33125
5996
26479
31636
2016
37135
30244
39425
44112
38751
15341
4874
3851
11502
30024
22475
36765
37382
10830
124
20324
9317
34108
11592
30880
45685
24691
30891
26406
35336
16311
2351
48594
9832
27245
28714
43806
4419
5864
36660
43687
28791
29126
44880
3978
12677
28292
41943
27452
28234
8810
41108
46699
3519
41902
9154
6719
35360
3707
38461
27778
49679
42202
26211
38484
19148
24597
34872
19366
27738
16072
46292
48045
31092
26041
49694
42495
20751
6890
32781
21748
48501
48479
15374
29702
41312
29161
8942
13699
42346
871
17222
7567
10658
31534
40998
15771
37889
25981
25855
15309
1273
10405
20222
1344
23225
9649
40601
27053
691
18573
43740
18644
42833
32924
17827
32412
35456
41501
37698
46337
42097
44866
36469
23807
28893
28291
41099
4506
22677
1091
31788
22467
40674
24045
42374
40490
48690
33054
14762
16780
34286
8982
21313
22344
15559
47926
11560
40584
15863
11738
22397
35988
12104
20096
30502
17524
9256
19983
26898
12382
28329
32487
31734
49838
44043
43440
39409
24804
40124
19159
18613
46049
36288
22590
8081
45901
31651
17307
35303
38673
49075
27840
43932
18042
32554
16800
26046
3453
32805
45111
18837
30845
37251
38276
42517
23256
43145
1469
4222
38491
40936
10759
21390
26566
11885
30871
3502
6404
32573
34629
29519
30046
31706
41030
28870
11396
23667
15071
11032
15126
18448
28315
49620
21996
10708
33907
6520
23814
17602
40456
10046
2360
31064
3213
14862
9433
22002
9519
26514
39698
49026
48465
24906
23122
42013
22319
34777
18844
47533
36984
34968
23488
47809
28838
8459
39168
45703
30941
43522
7075
20565
48799
18477
33744
42603
49315
48120
49863
23724
48055
1481
14236
13513
29526
13338
19025
41420
47342
29563
23024
500
17901
4990
39904
31201
7438
39819
8509
25392
29524
46047
4338
35247
20264
21633
7422
42102
47753
1716
8013
23392
5008
21456
12810
19017
2946
43732
821
32125
35373
8473
1467
18077
13522
22702
34004
2924
39113
46586
36865
45329
23677
25968
37832
8491
34781
11436
15513
32085
37499
26108
28668
6174
5526
27325
33460
6143
9780
47636
25401
27863
25815
39346
28656
15050
43020
3248
48176
15419
27792
16533
10942
44017
19841
5774
8622
47781
8075
34555
35221
11035
5653
2094
4741
1065
20806
28078
2504
20074
39922
30759
25670
12376
43461
2860
15364
3490
42799
11451
8595
29175
20337
6181
10204
29679
2386
39768
27288
16429
17017
35318
43816
14726
270
23866
40803
569
10546
4550
46153
12668
16771
49225
36057
18969
40890
14092
35283
32616
38423
4040
39183
29995
49709
45239
18142
30924
24659
6162
2542
17451
20290
10313
30403
29038
4977
25926
8120
10866
36248
8716
1821
26151
42224
13349
13638
48431
29076
21471
32569
10144
8224
22967
1005
3796
11693
25609
22177
2481
12941
988
1224
23490
35913
44209
33443
17766
43135
28036
2362
4675
20885
4900
32744
46620
25408
7406
13820
25581
30112
44508
30410
40587
5440
37881
15951
7302
21257
29464
38555
48443
36935
10318
20967
1280
22532
34458
6611
17464
34720
22820
10060
28197
20743
3357
11361
10167
1577
23344
25424
20101
3995
13823
4211
17783
48544
26066
29999
47061
15850
17952
46391
8027
37906
13240
6680
21340
9258
33301
39026
11020
39054
38142
2090
9197
34985
15229
4044
41058
27204
24583
9452
47650
13030
7233
46629
43112
25183
151
14408
3446
34961
11623
17752
17918
23746
42667
19021
9483
14422
33573
2208
6015
33622
26984
9515
27947
36167
27051
6319
17638
34111
47485
38817
19075
20410
19032
2606
11514
37380
3166
22494
10798
39480
33497
20535
41811
8260
26328
44015
40813
2317
180
48548
40945
21966
30696
112
21526
14385
20721
26275
10720
6517
34730
45928
22160
28239
2543
46037
25526
6460
7677
46597
2019
48158
36674
11338
37276
28155
5300
8006
11775
39351
39746
17349
1212
32202
14287
20436
10408
25225
39602
2864
44825
34421
25593
6994
43911
45471
41695
16606
16042
33897
1186
5972
32443
38266
10477
19647
34562
329
2621
25095
47871
35293
3612
2482
12650
26370
8981
13372
31725
13115
11876
14944
1899
43337
22107
38096
29461
26767
25626
44962
21335
49693
19262
44247
17526
28494
6731
4515
71
21698
607
45649
36957
46107
21306
1167
2577
26750
14164
10667
23069
20260
28920
26129
4587
49278
42249
39392
30957
10843
37937
2668
15725
5506
29073
19747
21579
19314
2818
14483
28119
48510
8078
6806
26236
40258
19244
38746
43228
3422
41898
25200
14359
25301
35081
14188
17369
26402
27039
15154
25127
1731
16163
15189
42635
30637
43426
32447
412
36595
6547
572
32170
21794
33327
26964
34275
13515
30763
35411
1738
43519
20358
693
22165
32306
16947
15338
3565
18020
12377
32445
26235
44940
33467
13122
11139
40801
25909
39523
15957
28855
8297
34160
739
49103
36174
42379
47569
3146
37587
22838
44497
34207
44818
27699
11906
44511
23627
2576
3849
11811
48138
43808
16504
17569
33571
38926
24886
3479
729
32526
13767
36126
10018
41879
35547
17736
47475
22891
41052
19002
14717
44344
15140
12276
47640
11433
46944
46012
29816
25208
37237
9643
38231
48135
46679
44771
24450
30841
37400
22863
24157
6431
46735
17957
21402
21586
12524
25327
9850
28702
8461
22830
30758
2299
8346
12621
40690
49366
19330
15843
284
36633
8399
36128
31565
33264
21144
47094
22086
13960
34654
33528
7544
27818
32891
18778
23241
20780
22270
37012
11343
30800
14749
48077
13835
49137
45032
44440
47228
20
39134
16254
21585
9358
23160
40613
40202
27280
42702
6561
30549
43584
21550
4910
20749
46776
33
34921
20612
43243
43713
23153
22945
21061
41225
5227
28579
36814
15401
11480
26452
47146
24279
13656
15485
36751
6048
17498
24132
31249
12565
1885
33312
40241
19040
19089
48558
38427
21404
20929
17235
40250
23386
9679
49992
21572
49023
6064
26979
27684
9915
2041
3998
9425
5852
26788
42499
20907
31963
3522
5849
21713
2484
18388
25015
5229
23650
37282
48508
22411
3099
18025
14450
47514
7114
15801
22898
28496
31190
46847
5119
18542
25206
30133
30612
31481
45253
30040
8077
27619
13299
39017
21236
34963
27350
18797
23663
9663
21207
8108
30323
6079
23776
14804
44093
2803
44356
44926
46019
26602
39332
35377
46359
46727
736
10991
14991
21603
22192
3704
9110
30745
20477
35074
4715
195
18518
30773
29022
21250
46842
13483
39035
323
27295
49446
2187
3702
8026
6959
21042
10795
27673
21424
43361
49710
39978
10076
19534
30162
45865
26009
22515
39825
44656
2770
6908
13202
4399
20550
31070
25202
13658
8370
39695
3163
13327
27905
48413
16476
16179
45439
22625
627
5563
6071
15679
2812
22638
28927
17465
5013
14908
14344
2974
14549
7604
26972
49860
10841
16130
2489
26768
13753
28394
41538
15716
13620
41939
13940
7692
41413
45618
19116
41670
15749
42120
28458
2255
1011
26773
553
86
32310
19931
25804
39482
31397
18197
40089
33856
37787
32890
15986
43690
11004
43328
40438
33585
14474
44634
26367
39298
5241
19241
32312
22582
39942
34590
17889
5343
27191
45334
43577
5631
1807
45035
2522
4911
20391
27444
21879
26640
26560
38043
14539
11000
36693
4615
34085
42665
46236
29554
32846
30153
12672
3595
22609
20400
40970
30788
24207
28106
3912
34643
16565
46736
15523
2354
10058
34829
22531
39830
44117
12497
12367
1734
21010
11603
18150
14701
16482
38914
21851
23917
22197
25427
5052
44487
48472
20439
12273
28965
22437
44366
30072
15966
41852
32710
44836
32954
17537
28805
47117
8989
22147
35900
38092
43621
49383
29219
35088
38390
17443
22635
8468
13657
21451
16579
30784
23445
3123
13397
47449
23493
25614
42438
41116
13059
7110
28153
36900
11916
9209
12264
36926
46585
42927
24242
16710
8032
21181
35515
4393
7440
1034
42543
15467
48024
11837
1585
3709
17566
34404
38409
25338
9305
45824
2928
45767
49438
14756
47414
40833
37288
49187
19444
1258
17259
48416
20841
2638
24072
28072
16477
5846
49035
43268
19779
38880
49601
27105
47141
36435
4865
24469
6531
17937
18788
29002
27222
2941
14303
22894
32190
29705
39990
37578
21143
21053
35604
28086
24570
13984
23520
8510
45539
32234
22696
20091
36184
48635
2133
4339
17197
48296
48173
17880
929
19528
32661
5200
18696
36893
45357
14532
18676
47864
48911
45758
9926
26048
3364
6677
46020
22129
47208
44828
19796
45373
